0.7471 	0.0460 	0.3103 	0.4943 	0.0000 	0.4713 	0.0000 
0.3085 	0.3298 	0.6170 	0.7234 	0.0000 	0.0319 	0.0532 
0.5676 	0.3629 	0.3861 	0.3436 	0.0000 	0.4865 	0.0734 
0.8552 	0.0138 	0.4621 	0.6207 	0.3586 	0.4345 	0.0000 
0.1935 	0.3226 	0.7097 	0.7204 	0.0000 	0.0323 	0.0430 
0.6118 	0.0235 	0.6941 	0.9176 	0.0000 	0.0235 	0.0000 
0.6571 	0.0000 	0.6762 	0.8762 	0.0000 	0.0571 	0.0000 
0.1529 	0.1882 	0.6235 	0.5882 	0.0000 	0.0235 	0.0941 
0.1975 	0.2222 	0.7284 	0.6296 	0.0000 	0.0000 	0.0741 
0.2410 	0.1325 	0.6867 	0.5904 	0.0000 	0.0120 	0.0964 
0.0500 	0.1625 	0.5750 	0.7375 	0.0000 	0.0250 	0.0000 
0.1923 	0.1923 	0.5897 	0.6923 	0.0000 	0.0897 	0.0000 
0.2779 	0.3772 	0.6328 	0.3325 	0.0000 	0.2432 	0.0471 
0.3603 	0.5030 	0.6614 	0.2576 	0.0000 	0.3253 	0.0653 
0.6950 	0.0386 	0.4054 	0.5058 	0.0000 	0.4633 	0.0000 
0.5459 	0.2780 	0.5721 	0.2213 	0.0000 	0.5124 	0.0262 
0.4160 	0.3564 	0.6025 	0.5732 	0.0000 	0.2412 	0.2402 
0.6910 	0.0858 	0.5279 	0.4249 	0.0000 	0.5086 	0.0966 
0.6829 	0.5371 	0.2839 	0.3478 	0.3376 	0.3529 	0.2506 
0.5178 	0.3819 	0.4725 	0.4045 	0.1942 	0.2427 	0.1036 
0.4045 	0.5146 	0.4984 	0.4854 	0.3236 	0.3139 	0.0647 
0.8105 	0.9016 	0.8357 	0.5507 	0.5315 	0.4130 	0.3050 
0.4834 	0.8796 	0.5725 	0.4353 	0.2818 	0.4389 	0.4148 
0.3227 	0.6472 	0.5853 	0.3462 	0.2642 	0.3478 	0.1722 
0.6513 	0.5690 	0.4165 	0.5496 	0.5254 	0.4165 	0.1477 
0.4583 	0.4931 	0.7014 	0.4861 	0.3333 	0.4271 	0.0972 
0.3302 	0.7434 	0.5774 	0.3585 	0.2075 	0.4377 	0.3377 
0.5346 	0.8864 	0.5768 	0.4232 	0.4242 	0.4524 	0.2998 
0.6360 	0.8126 	0.5374 	0.5493 	0.4290 	0.4648 	0.2026 
0.8790 	0.8646 	0.7685 	0.4304 	0.1442 	0.7442 	0.0569 
0.8931 	1.0000 	0.6111 	0.6671 	0.2159 	0.0269 	0.5655 
0.0000 	0.0000 	0.0000 	0.0000 	0.0000 	0.0000 	0.0000 
0.0000 	0.0000 	0.0000 	0.0000 	0.0000 	0.0000 	0.0000 
0.7279 	0.6943 	0.5946 	0.4423 	0.3135 	0.3942 	0.2553 
0.0000 	0.0000 	0.0000 	0.0000 	0.0000 	0.0000 	0.0000 
0.5755 	0.8271 	0.6355 	0.2797 	0.4576 	0.5512 	0.1273 
0.0000 	0.0000 	0.0000 	0.0000 	0.0000 	0.0000 	0.0000 
0.0000 	0.0000 	0.0000 	0.0000 	0.0000 	0.0000 	0.0000 
0.6398 	0.3898 	0.5297 	0.4873 	0.2119 	0.3814 	0.0890 
0.3384 	0.5960 	0.4646 	0.5606 	0.1616 	0.3687 	0.0152 
0.0000 	0.0000 	0.0000 	0.0000 	0.0000 	0.0000 	0.0000 
0.3864 	0.9339 	0.6715 	0.4050 	0.3058 	0.4463 	0.4174 
0.0000 	0.0000 	0.0000 	0.0000 	0.0000 	0.0000 	0.0000 
0.3044 	0.7377 	0.6303 	0.1952 	0.0671 	0.6383 	0.4781 
0.4427 	0.6522 	0.4190 	0.5375 	0.2727 	0.3597 	0.1107 
0.5887 	0.5831 	0.5352 	0.4958 	0.2901 	0.3803 	0.1352 
0.4545 	0.6783 	0.4790 	0.4371 	0.2797 	0.4510 	0.1084 
0.4538 	0.7484 	0.6099 	0.5398 	0.3010 	0.5780 	0.2643 
0.3560 	0.8354 	0.6251 	0.5162 	0.3993 	0.6275 	0.2008 
0.5964 	0.1927 	0.4327 	0.5600 	0.2691 	0.3127 	0.2255 
0.4088 	0.8049 	0.6291 	0.5446 	0.4166 	0.5827 	0.1981 
0.4805 	0.5795 	0.4805 	0.5081 	0.6250 	0.3474 	0.1721 
0.4272 	0.9996 	0.4508 	0.4793 	0.7196 	0.6489 	0.3731 
0.0000 	0.0000 	0.0000 	0.0000 	0.0000 	0.0000 	0.0000 
0.3971 	0.4963 	0.4706 	0.5699 	0.2279 	0.2353 	0.1801 
0.5329 	1.1497 	0.8443 	0.9521 	0.8443 	0.5749 	0.6647 
0.0000 	0.0000 	0.0000 	0.0000 	0.0000 	0.0000 	0.0000 
0.7615 	0.1794 	0.6832 	0.7576 	0.1641 	0.4179 	0.1908 
0.4237 	0.7563 	0.7378 	0.5685 	0.4377 	0.3477 	0.4489 
0.6915 	0.7524 	0.6148 	0.4694 	0.5936 	0.1484 	0.5384 
0.7059 	0.8454 	0.3684 	0.5085 	0.4577 	0.4443 	0.5957 
0.6544 	0.4920 	0.6205 	0.3237 	0.7361 	0.5986 	0.2331 
0.4175 	0.7540 	0.4072 	0.2775 	0.5179 	0.2624 	0.5179 
0.7469 	0.5502 	0.5653 	0.4580 	0.6878 	0.2834 	0.1059 
0.0000 	0.0000 	0.0000 	0.0000 	0.0000 	0.0000 	0.0000 
0.4794 	0.5735 	0.4235 	0.4618 	0.4500 	0.2647 	0.1735 
0.0000 	0.0000 	0.0000 	0.0000 	0.0000 	0.0000 	0.0000 
0.3581 	0.4442 	0.4651 	0.4628 	0.2698 	0.2372 	0.3186 
0.0000 	0.0000 	0.0000 	0.0000 	0.0000 	0.0000 	0.0000 
0.5209 	0.4447 	0.4496 	0.3440 	0.3587 	0.1671 	0.3268 
0.0000 	0.0000 	0.0000 	0.0000 	0.0000 	0.0000 	0.0000 
0.5981 	0.7530 	0.2392 	0.1076 	0.5568 	0.1446 	0.7160 
0.0000 	0.0000 	0.0000 	0.0000 	0.0000 	0.0000 	0.0000 
0.6236 	0.0962 	0.3022 	0.4643 	0.6071 	0.2198 	0.1154 
0.5641 	0.1026 	0.3846 	0.5000 	0.4103 	0.3590 	0.1282 
0.4524 	0.1548 	0.4762 	0.4048 	0.2143 	0.1905 	0.2262 
0.7010 	0.7424 	0.2364 	0.1404 	0.5838 	0.3515 	0.7000 
0.6087 	0.2989 	0.4348 	0.4891 	0.7120 	0.2228 	0.0870 
0.5769 	0.9937 	0.6870 	0.5967 	0.4303 	0.7607 	0.3938 
0.4696 	0.6822 	0.4369 	0.2827 	0.5479 	0.1402 	0.4696 
0.5595 	0.3787 	0.4080 	0.2179 	0.7233 	0.1499 	0.3338 
0.8487 	0.0724 	0.3158 	0.1776 	0.0132 	0.7039 	0.0066 
0.8854 	0.0573 	0.5732 	0.1338 	0.0127 	0.7707 	0.0000 
0.4373 	0.4695 	0.3923 	0.3730 	0.3633 	0.3183 	0.2926 
0.3617 	0.3191 	0.5691 	0.3670 	0.2713 	0.2021 	0.3511 
0.0000 	0.0000 	0.0000 	0.0000 	0.0000 	0.0000 	0.0000 
0.0000 	0.0000 	0.0000 	0.0000 	0.0000 	0.0000 	0.0000 
0.0000 	0.0000 	0.0000 	0.0000 	0.0000 	0.0000 	0.0000 
0.0000 	0.0000 	0.0000 	0.0000 	0.0000 	0.0000 	0.0000 
0.4204 	0.4076 	0.4395 	0.3248 	0.3185 	0.2930 	0.1019 
0.6372 	0.4606 	0.1104 	0.5268 	0.7224 	0.1672 	0.2366 
0.6533 	0.5917 	0.2767 	0.4983 	0.6683 	0.2600 	0.2533 
0.0000 	0.0000 	0.0000 	0.0000 	0.0000 	0.0000 	0.0000 
0.5914 	0.4489 	0.2204 	0.4140 	0.6801 	0.2581 	0.0430 
0.5149 	0.6888 	0.1808 	0.4096 	0.5835 	0.2860 	0.0549 
0.5486 	0.3891 	0.2412 	0.4008 	0.6576 	0.2257 	0.0506 
0.5915 	0.5940 	0.1905 	0.3559 	0.6065 	0.2607 	0.0627 
0.6409 	0.6845 	0.0873 	0.3452 	0.6746 	0.2063 	0.1111 
0.6252 	0.7396 	0.1183 	0.3215 	0.6884 	0.2801 	0.1223 
0.4396 	0.4928 	0.3478 	0.5411 	0.5411 	0.2850 	0.0725 
0.5807 	0.7783 	0.2627 	0.4000 	0.6120 	0.2964 	0.0434 
0.5179 	0.2769 	0.2256 	0.5282 	0.6000 	0.1897 	0.0769 
0.4463 	0.6745 	0.1946 	0.4329 	0.5067 	0.3054 	0.1107 
0.0000 	0.0000 	0.0000 	0.0000 	0.0000 	0.0000 	0.0000 
0.8056 	0.3095 	0.2222 	0.4167 	0.3294 	0.3452 	0.0873 
0.8122 	0.4225 	0.2347 	0.3944 	0.3099 	0.2488 	0.1784 
0.4589 	0.4329 	0.2338 	0.3853 	0.3680 	0.2165 	0.0823 
0.7047 	0.4228 	0.3624 	0.3758 	0.6040 	0.1879 	0.2550 
0.0000 	0.0000 	0.0000 	0.0000 	0.0000 	0.0000 	0.0000 
0.0000 	0.0000 	0.0000 	0.0000 	0.0000 	0.0000 	0.0000 
0.0000 	0.0000 	0.0000 	0.0000 	0.0000 	0.0000 	0.0000 
0.0000 	0.0000 	0.0000 	0.0000 	0.0000 	0.0000 	0.0000 
0.4850 	0.6442 	0.3735 	0.3097 	0.3752 	0.3080 	0.2726 
0.0000 	0.0000 	0.0000 	0.0000 	0.0000 	0.0000 	0.0000 
0.0000 	0.0000 	0.0000 	0.0000 	0.0000 	0.0000 	0.0000 
0.0000 	0.0000 	0.0000 	0.0000 	0.0000 	0.0000 	0.0000 
0.7398 	0.7619 	0.0664 	0.3688 	0.6202 	0.2082 	0.3300 
0.6597 	0.6403 	0.1090 	0.3388 	0.4433 	0.1851 	0.2358 
0.0000 	0.0000 	0.0000 	0.0000 	0.0000 	0.0000 	0.0000 
0.4642 	0.4906 	0.1623 	0.3547 	0.5094 	0.2000 	0.1698 
0.4264 	0.7117 	0.1871 	0.4202 	0.6104 	0.1043 	0.4785 
0.5186 	0.4590 	0.2608 	0.3994 	0.4545 	0.2146 	0.4322 
0.0000 	0.0000 	0.0000 	0.0000 	0.0000 	0.0000 	0.0000 
0.0000 	0.0000 	0.0000 	0.0000 	0.0000 	0.0000 	0.0000 
0.0000 	0.0000 	0.0000 	0.0000 	0.0000 	0.0000 	0.0000 
0.0000 	0.0000 	0.0000 	0.0000 	0.0000 	0.0000 	0.0000 
0.5606 	0.6169 	0.3040 	0.3286 	0.5079 	0.2917 	0.3568 
0.0000 	0.0000 	0.0000 	0.0000 	0.0000 	0.0000 	0.0000 
0.6044 	0.6774 	0.1952 	0.3599 	0.5059 	0.2683 	0.0662 
0.0000 	0.0000 	0.0000 	0.0000 	0.0000 	0.0000 	0.0000 
0.0000 	0.0000 	0.0000 	0.0000 	0.0000 	0.0000 	0.0000 
0.6185 	0.6474 	0.2832 	0.3584 	0.4740 	0.2023 	0.4393 
0.0000 	0.0000 	0.0000 	0.0000 	0.0000 	0.0000 	0.0000 
0.0000 	0.0000 	0.0000 	0.0000 	0.0000 	0.0000 	0.0000 
0.7340 	0.7244 	0.1987 	0.4391 	0.7436 	0.2532 	0.2147 
0.7788 	0.4779 	0.1903 	0.2124 	0.3938 	0.3230 	0.1416 
0.5158 	0.9930 	0.3754 	0.2596 	0.6158 	0.5105 	0.1912 
0.7327 	0.8726 	0.4764 	0.2516 	0.5959 	0.3019 	0.2563 
0.5206 	0.6930 	0.2047 	0.5494 	0.4937 	0.3142 	0.0359 
0.0000 	0.0000 	0.0000 	0.0000 	0.0000 	0.0000 	0.0000 
0.0000 	0.0000 	0.0000 	0.0000 	0.0000 	0.0000 	0.0000 
0.0000 	0.0000 	0.0000 	0.0000 	0.0000 	0.0000 	0.0000 
0.0000 	0.0000 	0.0000 	0.0000 	0.0000 	0.0000 	0.0000 
0.0000 	0.0000 	0.0000 	0.0000 	0.0000 	0.0000 	0.0000 
0.0000 	0.0000 	0.0000 	0.0000 	0.0000 	0.0000 	0.0000 
0.0000 	0.0000 	0.0000 	0.0000 	0.0000 	0.0000 	0.0000 
0.9422 	0.3481 	0.1272 	0.3838 	0.3312 	0.3575 	0.0000 
0.0000 	0.0000 	0.0000 	0.0000 	0.0000 	0.0000 	0.0000 
0.0000 	0.0000 	0.0000 	0.0000 	0.0000 	0.0000 	0.0000 
0.0000 	0.0000 	0.0000 	0.0000 	0.0000 	0.0000 	0.0000 
0.0000 	0.0000 	0.0000 	0.0000 	0.0000 	0.0000 	0.0000 
0.0000 	0.0000 	0.0000 	0.0000 	0.0000 	0.0000 	0.0000 
0.0000 	0.0000 	0.0000 	0.0000 	0.0000 	0.0000 	0.0000 
0.5529 	0.9960 	0.2407 	0.1752 	0.6304 	0.3887 	0.3867 
0.0000 	0.0000 	0.0000 	0.0000 	0.0000 	0.0000 	0.0000 
0.0000 	0.0000 	0.0000 	0.0000 	0.0000 	0.0000 	0.0000 
0.0000 	0.0000 	0.0000 	0.0000 	0.0000 	0.0000 	0.0000 
0.0000 	0.0000 	0.0000 	0.0000 	0.0000 	0.0000 	0.0000 
0.0000 	0.0000 	0.0000 	0.0000 	0.0000 	0.0000 	0.0000 
0.8714 	0.3143 	0.0143 	0.4571 	0.5857 	0.1000 	0.0000 
0.0000 	0.0000 	0.0000 	0.0000 	0.0000 	0.0000 	0.0000 
0.5272 	0.8696 	0.0326 	0.3315 	0.6576 	0.1576 	0.2609