0.7471    0.0460    0.3103    0.4943    0.0001    0.4713    0.0001
0.3085    0.3298    0.6170    0.7234    0.0001    0.0319    0.0532
0.5676    0.3629    0.3861    0.3436    0.0001    0.4865    0.0734
0.8552    0.0138    0.4621    0.6207    0.3586    0.4345    0.0001
0.1935    0.3226    0.7097    0.7204    0.0001    0.0323    0.0430
0.6118    0.0235    0.6941    0.9176    0.0001    0.0235    0.0001
0.6571    0.0001    0.6762    0.8762    0.0001    0.0571    0.0001
0.1529    0.1882    0.6235    0.5882    0.0001    0.0235    0.0941
0.1975    0.2222    0.7284    0.6296    0.0001    0.0001    0.0741
0.2410    0.1325    0.6867    0.5904    0.0001    0.0120    0.0964

